function [p_sat,T_sat,rho_vap,h_w,h_vap,c_p]=SatWater

p_sat = [2000
3000
4000
5000
6000
7000
8000
9000
10000
20000
30000
40000
50000
60000
70000
80000
90000
100000
110000
120000
130000
140000
150000
160000
170000
180000
190000
200000
220000
240000
260000
280000
300000
350000
400000
450000
500000
550000
600000
650000
700000
750000
800000
850000
900000
950000
1000000
1100000
1200000
1300000
1400000
1500000
1600000
1700000
1800000
1900000
2000000
2100000
2200000
2300000
2400000
2500000
2600000
2700000
2800000
2900000
3000000];

T_sat = [290.66
297.25
302.13
306.05
309.33
312.17
314.68
316.94
318.98
333.24
342.28
349.04
354.50
359.10
363.11
366.66
369.86
372.78
375.47
377.96
380.28
382.47
384.52
386.47
388.32
390.08
391.77
393.38
396.42
399.24
401.88
404.35
406.69
412.02
416.78
421.07
425.00
428.62
431.99
435.14
438.11
440.91
443.57
446.09
448.51
450.82
453.03
457.21
461.11
464.75
468.19
471.43
474.52
477.45
480.26
482.94
485.52
488.00
490.39
492.70
494.93
497.09
499.18
501.21
503.19
505.11
506.99];

rho_vap = [0.015
0.022
0.029
0.035
0.042
0.049
0.055
0.062
0.068
0.131
0.191
0.25
0.309
0.366
0.423
0.479
0.535
0.59
0.645
0.7
0.755
0.809
0.863
0.916
0.97
1.023
1.076
1.129
1.235
1.34
1.444
1.548
1.651
1.908
2.163
2.417
2.669
2.92
3.17
3.419
3.667
3.915
4.162
4.409
4.655
4.901
5.147
5.638
6.127
6.617
7.106
7.596
8.085
8.575
9.065
9.556
10.047
10.539
11.032
11.525
12.02
12.515
13.012
13.509
14.008
14.508
15.009];

h_w = [73450
101000
121410
137770
151500
163380
173870
183280
191840
251460
289310
317650
340570
359930
376770
391730
405210
417510
428840
439360
449190
458420
467130
475380
483220
490700
497850
504710
517630
529640
540880
551450
561440
584280
604680
623170
640120
655810
670430
684140
697070
709300
720940
732030
742640
752820
762600
781110
798420
814680
830050
844640
858540
871820
884550
896780
908560
919930
930920
941570
951900
961930
971690
981190
990460
999500
1008330];

h_vap = [2533640
2545640
2554510
2561590
2567510
2572620
2577110
2581140
2584780
2609860
2625430
2636880
2645990
2653570
2660070
2665770
2670850
2675430
2679610
2683440
2686980
2690280
2693360
2696250
2698970
2701540
2703980
2706290
2710600
2714550
2718170
2721540
2724660
2731630
2737630
2742880
2747540
2751700
2755460
2758870
2761980
2764840
2767460
2769890
2772130
2774220
2776160
2779660
2782730
2785420
2787790
2789880
2791730
2793370
2794810
2796090
2797210
2798180
2799030
2799770
2800390
2800910
2801350
2801690
2801960
2802150
2802270];

c_p = [1864.4
1869.4
1873.6
1877.4
1880.8
1884
1887.1
1889.9
1892.7
1915.6
1934.3
1950.6
1965.4
1979
1991.9
2004
2015.6
2026.7
2037.3
2047.6
2057.6
2067.3
2076.8
2086
2095
2103.7
2112.4
2120.8
2137.2
2153.1
2168.5
2183.5
2198.1
2233.1
2266.4
2298.3
2328.9
2358.5
2387.3
2415.2
2442.4
2469
2495.1
2520.6
2545.6
2570.2
2594.4
2641.8
2687.8
2732.7
2776.7
2819.7
2862
2903.6
2944.5
2984.9
3024.8
3064.3
3103.4
3142.1
3180.5
3218.7
3256.7
3294.4
3332
3369.5
3406.9];
